9
24
60
22
7
55
38
26
16
13
18
5
30
7
16
26
5
6
34
15
10
28
1
7
4
2
8
7
1
13
30
22
25
46
9
1
4
5
2
7
1
5
2
3
15
29
17
60
9
54
2
3
19
23
1
7
13
4
26
11
21
14
8
3
7
1
2
25
1
13
4
2
11
2
3
10
36
3
6
10
0
8
24
9
16
22
15
5
2
7
18
11
32
3
14
23
33
8
5
2
19
35
14
27
11
37
18
44
25
23
24
16
9
25
31
1
4
7
13
2
16
5
2
4
1
40
36
7
1
5
13
1
2
11
19
6
0
3
10
15
8
11
3
0
14
1
4
2
12
25
1
4
2
11
12
1
4
5
11
1
2
7
5
13
15
3
6
40
0
2
1
5
12
4
7
13
16
1
30
4
1
2
12
11
19
51
35
8
11
21
3
51
2
20
5
30
43
12
1
4
2
5
37
35
14
0
28
15
10
3
6
10
3
21
14
11
17
3
23
11
0
6
8
19
15
10
10
15
34
28
3
14
23
3
42
35
6
3
21
10
14
24
9
2
4
5
10
15
7
4
5
2
13
1
4
2
18
30
16
13
24
18
25
6
3
15
28
10
5
1
7
16
13
2
36
1
18
12
11
1
12
2
15
25
9
18
5
22
1
7
13
4
2
18
18
25
6
10
14
3
33
9
54
63
55
22
4
1
2
0
6
3
10
15
2
5
13
7
18
2
4
5
1
14
11
80
18
22
9
26
16
25
2
1
4
7
5
1
4
8
7
8
24
46
7
9
16
1
4
8
2
9
29
60
17
4
1
2
12
1
2
4
5
8
7
16
2
13
4
5
2
7
1
18
30
72
59
19
11
52
35
14
3
12
2
1
5
8
11
1
4
18
10
34
19
1
4
5
2
34
48
19
33
51
14
64
58
24
9
19
4
7
1
24
25
9
18
1
4
5
2
2
7
1
4
12
7
1
2
4
15
3
1
10
28
0
3
6
10
15
4
5
2
56
7
1
16
13
7
5
11
0
19
21
73
1
7
4
2
12
8
14
27
47
11
53
28
0
85
19
24
1
4
5
2
7
25
56
40
2
15
4
2
3
1
5
8
2
18
15
11
7
16
9
13
5
24
9
42
14
43
65
11
7
16
5
13
39
24
16
5
2
1
4
7
1
4
5
2
40
24
46
9
25
13
4
5
56
2
1
2
4
7
5
3
34
28
10
1
6
21
3
15
10
1
2
4
5
1
7
2
10
15
8
3
2
25
7
16
13
24
7
16
3
14
23
17
11
11
17
23
14
3
34
48
8
10
19
1
4
2
13
7
16
13
40
2
15
53
19
10
19
34
28
15
29
17
60
62
9
2
1
4
7
13
1
4
5
2
12
1
4
8
2
7
11
14
3
12
36
3
11
25
2
1
4
71
8
39
25
11
31
18
7
13
27
41
5
2
10
3
6
11
0
3
10
53
11
28
11
6
32
3
23
14
17
35
2
8
5
1
12
5
1
2
4
15
1
4
5
2
12
14
11
30
23
3
2
1
4
5
15
11
0
6
10
8
4
1
2
7
12
24
16
22
1
4
10
6
61
3
11
12
25
2
4
1
14
11
21
35
4
5
2
1
7
16
60
62
54
31
25
9
16
22
18
5
2
4
1
36
15
18
22
16
13
5
34
3
19
10
12
2
11
5
18
14
11
42
18
31
7
1
5
2
1
4
2
7
5
24
46
9
7
16
16
18
1
4
50
2
79
14
11
0
6
21
6
11
10
8
10
28
3
19
11
9
17
54
9
16
22
35
7
44
1
2
4
7
5
22
63
55
3
23
14
17
42
18
5
26
23
3
6
32
3
28
11
6
32
3
15
3
21
18
2
35
11
14
3
8
12
1
4
2
5
14
11
37
21
35
1
4
5
2
3
2
4
6
26
7
5
1
2
38
1
5
12
36
2
12
1
4
2
5
4
1
2
7
5
1
4
2
5
6
3
15
24
46
9
7
16
5
1
2
7
12
4
2
12
27
4
2
7
1
14
3
2
11
19
6
0
10
14
3
3
14
11
27
35
1
2
4
7
5
1
3
15
53
10
4
1
2
12
38
11
14
23
3
12
11
12
14
6
3
1
7
4
5
2
3
6
14
11
10
14
6
3
10
11
11
42
14
17
25
22
13
16
7
11
0
8
33
17
23
37
14
14
3
6
10
21
1
7
4
5
2
3
10
0
6
21
14
3
11
53
10
8
1
7
4
2
6
3
24
7
16
1
5
4
2
2
1
4
25
12
11
14
3
0
21
3
11
23
17
8
7
16
13
2
41
3
18
14
23
11
1
2
12
5
36
14
3
6
10
53
1
2
4
5
7
3
27
11
18
14
1
7
4
2
5
2
8
18
15
11
2
10
36
15
3
1
4
2
7
5
2
1
7
8
4
1
2
4
5
30
2
1
4
25
12
2
1
7
4
5
39
24
9
2
19
67
8
73
42
14
11
35
3
18
10
15
11
1
13
4
5
2
3
14
33
37
11
26
22
25
12
66
2
8
8
3
10
0
1
11
0
12
45
2
1
7
4
2
5
1
2
4
5
18
1
4
2
12
7
4
1
7
2
5
4
1
5
18
2
4
1
5
40
1
4
7
5
2
1
13
4
5
2
1
2
4
2
4
1
13
7
1
4
5
2
7
4
1
2
7
5
18
16
13
17
35
8
14
11
28
3
15
6
10
7
1
2
5
13
16
18
13
5
22
16
18
13
5
22
1
2
4
7
16
5
13
18
16
13
6
32
3
15
10
1
2
4
7
13
3
18
14
23
11
2
1
4
5
15
5
2
7
4
16
6
32
3
1
7
13
79
26
8
44
19
16
7
5
13
1
1
4
7
2
5
7
4
2
1
1
7
16
13
2
4
1
22
16
1
7
13
4
5
1
4
5
2
7
46
9
24
60
84
1
4
7
2
5
5
4
16
13
30
0
8
6
10
3
1
2
7
5
4
16
13
1
7
26
22
55
7
16
4
1
2
5
7
11
15
14
3
10
2
16
7
1
11
7
13
34
10
28
19
67
25
4
12
2
8
1
7
4
5
2
3
6
10
21
15
0
21
15
10
6
16
13
5
30
25
24
9
4
1
2
7
12
5
2
4
2
1
2
4
12
1
2
4
5
7
22
26
55
18
7
16
13
8
34
28
3
19
1
13
4
48
2
14
23
42
43
11
14
3
17
23
11
4
5
1
7
2
25
1
4
2
44
60
31
9
46
10
2
36
18
3
16
13
5
6
32
3
15
10
32
6
0
11
6
32
3
42
43
14
3
11
1
7
4
2
5
2
8
38
40
48
28
3
15
10
34
22
16
26
44
30
18
1
2
5
4
7
5
13
5
1
7
1
4
2
10
2
5
18
3
7
1
16
13
5
25
1
7
13
4
1
4
7
5
2
16
13
18
26
1
2
4
5
10
15
1
7
5
4
2
1
5
2
4
8
1
4
2
7
12
8
25
68
31
35
4
1
2
27
5
0
3
2
10
6
11
14
10
18
3
1
13
4
5
2
11
3
8
34
10
1
4
7
2
8
6
3
28
10
0
1
4
2
7
5
4
2
2
4
3
1
4
8
2
32
6
0
10
3
3
6
21
14
11
1
7
4
5
2
70
20
2
17
11
7
1
1
2
7
4
5
11
14
10
18
3
1
4
2
12
16
13
1
7
21
6
11
10
8
22
16
13
2
3
10
8
0
1
4
5
2
11
0
8
32
1
7
4
5
2
24
9
14
33
18
17
23
16
13
22
7
25
7
1
2
1
4
5
2
13
13
5
7
16
2
18
16
13
22
12
1
4
2
35
1
7
16
13
6
11
0
54
9
2
3
18
5
15
14
11
21
6
0
1
4
5
2
17
25
31
8
4
1
5
2
12
1
4
5
2
12
18
7
1
2
5
5
2
4
1
7
7
13
16
18
2
36
19
10
11
7
5
1
44
30
24
1
7
16
26
5
4
5
2
7
1
10
6
3
0
15
16
7
13
25
7
1
2
7
4
1
5
20
59
49
44
67
14
21
39
17
11
10
3
28
2
18
16
18
13
1
4
2
7
12
28
15
3
18
10
16
1
18
24
11
35
51
17
70
1
2
4
5
25
11
2
3
18
25
4
12
2
8
24
9
6
10
15
21
53
24
7
2
4
1
6
32
4
1
2
12
38
7
2
4
1
13
5
6
15
10
0
3
2
3
18
1
16
13
13
4
2
5
7
1
33
14
21
17
3
1
4
5
2
12
22
11
35
43
65
41
25
22
16
9
46
16
13
25
1
4
2
2
1
4
5
7
1
2
4
2
1
7
8
1
2
4
5
12
34
10
15
3
0
0
6
3
10
1
4
2
4
1
2
19
1
4
5
2
13
1
4
7
5
2
7
1
5
13
2
16
13
5
7
30
7
16
4
5
2
7
5
7
2
4
1
13
7
13
22
16
46
15
3
1
2
10
1
7
4
2
12
11
32
0
3
10
6
28
10
11
0
4
1
2
7
12
1
13
5
2
7
4
5
2
27
43
7
2
4
1
5
1
4
5
2
1
13
4
5
2
19
34
28
0
10
1
7
2
4
12
1
13
4
5
2
1
18
4
5
7
3
14
10
6
11
2
3
18
10
5
14
3
11
8
36
16
13
26
8
34
3
2
15
1
7
4
2
5
25
25
22
26
31
54
25
7
22
38
16
12
1
4
5
2
12
11
36
5
8
15
19
10
3
2
11
3
14
23
17
4
2
36
7
1
7
13
4
5
1
5
7
2
4
34
19
8
44
25
8
7
5
13
3
6
0
8
10
22
16
26
52
20
57
33
58
3
18
15
10
11
6
0
8
3
14
10
34
19
28
3
3
10
2
1
18
7
1
2
4
13
7
1
4
2
7
1
2
4
13
16
7
13
24
81
16
7
5
1
4
26
2
8
1
15
12
7
1
4
7
5
2
1
13
4
5
2
14
35
1
4
2
12
34
32
6
8
11
25
11
14
3
17
23
25
8
4
5
4
27
2
8
12
1
2
4
7
64
21
11
51
14
2
36
12
1
5
11
15
14
3
10
76
18
3
10
5
11
24
9
34
2
8
12
11
14
3
23
69
29
9
24
46
25
7
4
2
8
14
42
3
18
11
4
2
7
1
12
2
1
4
5
12
12
3
5
15
2
14
3
33
23
2
1
4
5
12
1
7
4
2
12
4
1
2
30
4
5
1
2
2
19
71
87
8
14
11
23
17
3
11
14
3
6
11
0
15
3
25
24
9
1
36
7
13
2
1
4
2
5
1
2
7
4
5
15
10
2
1
38
25
7
13
5
4
2
26
24
16
9
6
3
15
28
10
1
2
7
4
5
1
4
5
2
12
34
10
3
19
4
1
2
5
6
10
28
3
0
24
9
22
2
3
18
10
1
7
16
9
24
1
4
5
2
12
1
4
11
25
24
39
14
52
3
17
11
11
8
3
2
36
32
61
6
47
41
14
11
2
1
4
5
1
2
4
5
7
7
13
30
1
4
2
7
5
18
25
3
14
23
13
4
1
7
5
3
11
27
14
17
12
2
11
5
18
14
52
35
14
3
17
23
35
11
14
42
65
3
11
35
2
1
5
7
4
20
1
4
5
2
6
61
11
10
28
13
16
6
3
34
53
0
1
7
4
2
11
14
41
82
8
3
11
12
14
3
2
12
5
1
57
33
20
52
11
14
3
53
11
2
4
5
1
15
8
2
4
27
35
57
33
20
52
11
11
3
8
14
6
42
14
17
3
43
6
3
11
0
1
7
4
5
13
4
2
40
2
12
55
1
2
4
7
12
5
4
1
2
1
4
5
2
7
2
11
12
36
5
0
6
10
3
15
12
8
68
25
1
2
4
5
12
2
1
7
4
5
2
4
5
1
49
9
68
22
31
1
7
3
10
2
12
2
1
4
25
6
32
3
15
15
2
10
35
27
74
4
2
1
4
40
2
19
6
14
3
15
23
25
13
4
5
2
53
8
21
5
1
4
2
1
4
27
14
35
11
14
44
35
52
11
12
25
1
4
44
36
2
12
8
19
12
1
2
2
4
5
18
15
22
7
16
13
24
7
46
9
16
1
12
4
5
2
24
5
72
1
3
8
2
10
12
1
4
2
7
43
51
65
89
64
14
3
8
11
21
2
1
5
4
30
3
23
10
18
10
1
4
5
2
8
1
4
2
11
1
7
4
5
2
2
36
3
1
5
2
4
1
5
12
19
11
3
2
8
1
2
5
4
1
4
5
2
12
12
1
2
21
6
11
10
8
16
7
9
11
0
40
15
10
14
3
27
18
11
16
13
24
25
2
7
1
4
5
2
1
5
1
4
2
5
20
59
57
43
58
1
4
5
2
66
3
2
0
10
1
45
59
23
86
72
1
2
7
4
5
9
46
69
78
54
1
4
2
4
5
1
2
12
1
5
12
2
3
11
14
23
3
17
1
2
4
5
7
1
4
5
2
12
21
0
6
11
2
6
21
3
15
10
32
6
61
15
10
8
2
58
45
19
2
31
4
5
1
1
7
4
2
5
14
27
3
18
11
1
7
4
5
25
4
2
1
7
5
77
83
51
35
11
4
2
7
1
12
2
1
4
5
12
1
4
2
7
5
11
33
18
3
11
12
14
8
3
11
14
3
1
4
5
2
12
47
8
25
12
11
14
27
35
37
1
7
4
5
2
4
1
2
19
12
0
10
6
18
3
12
1
4
5
2
24
2
4
1
5
1
7
4
5
2
31
11
3
35
1
26
4
5
2
7
1
2
12
1
4
26
2
30
1
2
5
4
7
4
1
7
2
4
2
1
5
1
2
3
14
12
24
81
12
1
2
5
3
11
14
3
21
1
5
12
11
36
22
9
29
17
44
14
37
21
35
11
16
13
16
24
7
25
11
3
40
75
19
25
4
8
1
1
4
5
2
7
1
2
5
7
2
39
31
1
4
2
28
15
2
4
5
18
15
2
1
4
5
15
38
26
55
7
2
12
1
18
5
2
1
4
5
2
36
2
1
4
5
12
37
1
4
2
15
6
19
28
10
4
10
2
15
5
2
4
12
1
8
3
14
11
23
17
3
6
21
14
11
4
1
2
7
5
25
1
27
66
2
1
4
7
2
36
14
7
16
37
4
1
4
5
2
42
14
33
11
32
6
11
10
3
3
2
4
6
26
3
11
0
8
10
14
27
47
37
11
1
2
5
7
4
7
1
4
2
36
4
2
40
2
15
38
7
26
16
13
18
2
4
18
5
15
8
19
25
38
11
11
0
12
45
44
1
7
4
2
12
16
13
5
18
25
2
1
7
4
8
14
11
3
10
15
60
62
39
17
9
16
24
46
16
9
1
4
2
8
2
1
5
25
12
14
3
23
10
35
14
3
21
18
5
16
13
14
51
35
64
11
0
6
21
8
7
26
63
49
31
44
9
1
4
7
2
5
1
4
2
7
5
7
1
4
2
13
53
19
8
13
16
7
1
18
14
27
37
41
17
1
2
4
7
5
1
2
7
4
5
16
13
1
4
5
2
12
34
48
8
10
19
11
14
3
39
25
11
31
18
12
36
3
11
25
29
17
60
62
9
2
1
4
71
8
3
10
53
11
28
25
1
4
5
2
3
23
14
17
35
7
13
5
1
2
4
15
1
4
5
2
12
34
3
19
10
27
41
5
2
10
3
6
11
0
11
6
32
2
8
5
1
12
4
1
2
7
12
10
6
61
3
11
14
11
21
35
12
25
2
4
1
34
3
15
10
21
24
16
22
1
4
11
0
6
10
8
4
1
2
7
12
4
5
2
1
7
2
1
4
5
15
16
14
11
30
23
3
9
17
54
9
7
1
5
2
12
2
11
5
18
14
11
42
18
31
60
62
54
31
25
1
2
4
7
5
1
4
2
7
5
9
16
22
18
5
1
4
50
2
79
10
28
3
19
11
14
11
0
6
16
22
35
7
44
21
6
11
10
8
18
22
16
13
5
2
4
1
36
15
24
46
9
7
16
16
18
34
3
19
10
3
23
14
17
42
22
63
55
27
12
1
4
2
6
32
3
28
11
18
5
26
23
3
6
32
3
15
14
11
37
21
35
12
1
4
2
5
3
21
18
2
35
11
14
3
8
4
1
2
7
5
12
1
4
2
5
1
4
5
2
1
5
12
36
2
1
5
4
2
7
7
5
1
2
38
1
4
2
5
7
3
2
4
6
26
5
1
2
7
12
6
0
10
14
3
4
2
7
1
3
14
11
27
35
1
4
2
5
6
3
15
14
3
2
11
19
4
2
12
27
24
46
9
7
16
1
3
15
53
10
1
2
4
7
5
11
14
23
3
12
11
12
14
6
3
3
6
14
11
10
4
1
2
12
38
1
7
4
5
2
3
10
0
6
21
11
0
8
14
6
3
10
11
8
1
7
4
2
24
7
16
6
3
25
22
13
16
7
1
7
4
5
2
14
3
6
10
21
11
42
14
17
33
17
23
37
14
14
3
11
53
10
3
27
11
18
14
7
16
13
2
41
2
10
36
15
3
1
7
4
2
5
1
5
4
2
2
8
18
15
11
1
2
12
5
36
11
14
3
0
21
14
3
6
10
53
2
1
4
25
12
1
2
4
5
7
1
2
4
5
30
2
1
7
8
4
1
4
2
7
5
3
11
23
17
8
3
18
14
23
11
1
13
4
5
2
3
14
33
37
11
2
1
4
25
12
42
14
11
35
25
12
66
2
8
26
22
3
18
10
15
11
8
3
10
0
1
2
1
7
4
5
2
19
67
8
73
12
1
4
56
2
39
24
9
14
43
27
88
47
0
11
6
15
3
14
11
10
0
3
9
16
38
7
14
2
1
12
11
0
12
45
2
1
2
4
7
5
1
2
4
7
5
1
2
4
7
5
2
1
12
4
15
11
14
3
12
21
3
6
21
14
11
2
3
11
14
3
0
10
28
15
11
27
47
24
39
9
16
24
7
25
11
3
18
47
14
1
4
5
2
1
7
13
4
2
0
6
10
3
8
35
14
20
52
58
11
35
25
8
44
1
4
2
6
0
61
5
1
2
7
12
2
1
4
1
36
2
1
4
5
7
16
1
7
2
7
5
13
18
1
4
12
5
2
14
11
47
2
27
0
11
6
3
10
11
14
3
27
0
6
15
10
28
1
3
28
2
15
18
16
5
1
4
5
2
40
14
27
6
3
11
0
6
8
11
1
7
4
5
2
7
7
13
5
2
13
1
7
5
11
47
14
8
3
2
8
1
5
12
1
7
4
48
2
7
5
13
4
38
14
3
23
11
41
47
27
14
37
7
13
5
24
25
1
4
5
2
7
16
5
24
9
1
4
2
12
14
42
43
25
30
16
5
18
1
2
4
5
30
11
14
37
42
8
35
2
3
11
14
3
17
23
2
50
79
49
12
2
1
4
8
4
5
1
13
29
17
60
31
17
39
14
3
23
6
28
3
10
15
2
3
18
1
36
1
4
2
0
28
15
10
3
16
26
5
18
22
34
19
10
3
25
1
7
4
2
25
5
4
1
18
11
14
17
23
3
28
3
15
6
10
2
36
1
5
12
25
1
4
5
2
7
18
16
5
22
1
4
5
2
7
3
6
21
14
11
34
2
53
28
19
12
1
3
2
36
18
16
24
2
10
7
1
4
5
2
3
10
53
34
22
26
55
14
47
11
3
1
7
4
5
2
52
35
31
44
31
35
11
29
54
60
9
49
2
1
5
8
25
1
4
7
26
55
38
11
14
0
8
3
14
23
17
11
52
11
35
44
25
2
25
4
7
8
52
14
14
11
3
8
17
14
3
11
8
36
4
30
1
4
5
27
1
2
74
35
29
17
60
54
1
2
4
5
7
1
13
4
5
2
1
4
7
2
12
12
1
4
2
11
1
12
4
18
2
27
66
5
4
2
22
26
55
25
9
14
23
42
43
11
16
13
18
5
2
1
5
12
11
7
1
4
5
2
1
4
5
2
8
11
14
3
0
21
6
3
8
2
1
4
5
12
14
11
8
35
23
25
7
4
2
8
1
2
4
7
18
3
10
5
11
1
7
3
10
2
11
14
3
23
1
4
2
27
25
52
57
59
20
33
